{
 "cells": [
  {
   "cell_type": "code",
   "execution_count": 1,
   "metadata": {},
   "outputs": [],
   "source": [
    "# import all libraries\n",
    "import pandas as pd\n",
    "import numpy as np\n",
    "from scipy import stats\n",
    "from sklearn.preprocessing import PolynomialFeatures\n",
    "from sklearn.linear_model import LinearRegression\n",
    "import matplotlib.pyplot as plt"
   ]
  },
  {
   "cell_type": "code",
   "execution_count": 2,
   "metadata": {},
   "outputs": [],
   "source": [
    "# all used tickers\n",
    "tickers = ['LLY', 'NVO', 'JNJ', 'MRK', 'ABBV', 'MRNA',\n",
    "           'NVS', 'AZN', 'PFE', 'AMGN', 'PPH', 'IHE', 'PJP']\n",
    "\n",
    "dfs = {}\n",
    "\n",
    "for symbol in tickers:\n",
    "    # for each symbol, load the pkl file and store it in the dictionary as a df\n",
    "    dfs[f\"{symbol}_df\"] = pd.read_csv(f\"pharma-data/clean-data/stocks/{symbol}_df.csv\", index_col='Date', parse_dates=True)"
   ]
  },
  {
   "cell_type": "code",
   "execution_count": 3,
   "metadata": {},
   "outputs": [],
   "source": [
    "# read in covid data\n",
    "covid_df = pd.read_csv(\"pharma-data/clean-data/us_covid_deaths.csv\", index_col='date', parse_dates=True)"
   ]
  },
  {
   "cell_type": "code",
   "execution_count": 4,
   "metadata": {},
   "outputs": [
    {
     "name": "stdout",
     "output_type": "stream",
     "text": [
      "LLY_df\n",
      "\n",
      "                  Open        High         Low       Close   Adj Close  \\\n",
      "Date                                                                     \n",
      "2020-01-06  131.419998  132.559998  130.940002  132.259995  124.553093   \n",
      "2020-01-07  131.699997  132.929993  131.699997  132.509995  124.788521   \n",
      "\n",
      "             Volume  \n",
      "Date                 \n",
      "2020-01-06  2102900  \n",
      "2020-01-07  2448300  \n",
      "\n",
      "NVO_df\n",
      "\n",
      "                 Open   High        Low      Close  Adj Close   Volume\n",
      "Date                                                                  \n",
      "2020-01-06  28.495001  28.59  28.434999  28.504999  26.977007  2495000\n",
      "2020-01-07  28.500000  28.50  28.280001  28.475000  26.948616  2080600\n",
      "\n",
      "JNJ_df\n",
      "\n",
      "                  Open        High         Low       Close   Adj Close  \\\n",
      "Date                                                                     \n",
      "2020-01-06  144.000000  144.199997  142.850006  144.100006  128.432449   \n",
      "2020-01-07  144.009995  145.449997  141.380005  144.979996  129.216751   \n",
      "\n",
      "             Volume  \n",
      "Date                 \n",
      "2020-01-06  7731300  \n",
      "2020-01-07  7382900  \n",
      "\n",
      "MRK_df\n",
      "\n",
      "                 Open       High        Low      Close  Adj Close    Volume\n",
      "Date                                                                       \n",
      "2020-01-06  87.051529  87.538170  86.822517  87.442749  77.078148   7522963\n",
      "2020-01-07  86.641220  86.946564  85.038170  85.114502  75.025871  11132275\n",
      "\n",
      "ABBV_df\n",
      "\n",
      "                 Open       High        Low      Close  Adj Close   Volume\n",
      "Date                                                                      \n",
      "2020-01-06  88.220001  89.620003  87.980003  89.400002  74.073349  6786600\n",
      "2020-01-07  88.930000  89.540001  88.260002  88.889999  73.650772  7242500\n",
      "\n",
      "MRNA_df\n",
      "\n",
      "                 Open   High    Low      Close  Adj Close   Volume\n",
      "Date                                                              \n",
      "2020-01-06  18.700001  18.74  18.01  18.129999  18.129999  1606500\n",
      "2020-01-07  18.150000  18.32  17.68  17.780001  17.780001  1461400\n",
      "\n",
      "NVS_df\n",
      "\n",
      "                 Open       High        Low      Close  Adj Close   Volume\n",
      "Date                                                                      \n",
      "2020-01-06  94.669998  95.430000  94.639999  95.430000  81.438507  1487600\n",
      "2020-01-07  95.089996  95.089996  94.430000  94.480003  80.627800  1150200\n",
      "\n",
      "AZN_df\n",
      "\n",
      "                 Open       High        Low      Close  Adj Close   Volume\n",
      "Date                                                                      \n",
      "2020-01-06  50.040001  50.220001  49.740002  49.880001  44.465530  1992300\n",
      "2020-01-07  50.139999  50.299999  49.869999  50.070000  44.634903  1871900\n",
      "\n",
      "PFE_df\n",
      "\n",
      "                 Open       High        Low      Close  Adj Close    Volume\n",
      "Date                                                                       \n",
      "2020-01-06  36.831120  37.001900  36.717270  36.888046  31.130850  15771951\n",
      "2020-01-07  37.115749  37.125237  36.698292  36.764706  31.026758  20108107\n",
      "\n",
      "AMGN_df\n",
      "\n",
      "                  Open        High         Low       Close   Adj Close  \\\n",
      "Date                                                                     \n",
      "2020-01-06  237.199997  240.449997  236.559998  240.300003  210.860794   \n",
      "2020-01-07  239.309998  240.000000  237.589996  238.039993  208.877655   \n",
      "\n",
      "             Volume  \n",
      "Date                 \n",
      "2020-01-06  1802800  \n",
      "2020-01-07  1518900  \n",
      "\n",
      "PPH_df\n",
      "\n",
      "                 Open       High        Low      Close  Adj Close  Volume\n",
      "Date                                                                     \n",
      "2020-01-06  63.349998  63.810001  63.290001  63.810001  59.310642  179000\n",
      "2020-01-07  63.529999  63.660000  63.500000  63.529999  59.050377   74200\n",
      "\n",
      "IHE_df\n",
      "\n",
      "                  Open        High         Low       Close   Adj Close  Volume\n",
      "Date                                                                          \n",
      "2020-01-06  157.820007  159.059998  157.789993  159.059998  149.052109    5500\n",
      "2020-01-07  158.589996  158.889999  157.960007  158.630005  148.649200   16500\n",
      "\n",
      "PJP_df\n",
      "\n",
      "                 Open       High        Low      Close  Adj Close  Volume\n",
      "Date                                                                     \n",
      "2020-01-06  63.720001  64.139999  63.560001  64.080002  61.865482   39800\n",
      "2020-01-07  63.830002  63.930000  63.650002  63.689999  61.488956   22500\n",
      "\n"
     ]
    }
   ],
   "source": [
    "# print the first 2 rows of each df\n",
    "for df_name, df in dfs.items():\n",
    "    print(df_name + \"\\n\")\n",
    "    print(df.head(2))\n",
    "    print(\"\")"
   ]
  },
  {
   "cell_type": "code",
   "execution_count": 5,
   "metadata": {},
   "outputs": [
    {
     "data": {
      "text/html": [
       "<div>\n",
       "<style scoped>\n",
       "    .dataframe tbody tr th:only-of-type {\n",
       "        vertical-align: middle;\n",
       "    }\n",
       "\n",
       "    .dataframe tbody tr th {\n",
       "        vertical-align: top;\n",
       "    }\n",
       "\n",
       "    .dataframe thead th {\n",
       "        text-align: right;\n",
       "    }\n",
       "</style>\n",
       "<table border=\"1\" class=\"dataframe\">\n",
       "  <thead>\n",
       "    <tr style=\"text-align: right;\">\n",
       "      <th></th>\n",
       "      <th>US covid deaths</th>\n",
       "    </tr>\n",
       "    <tr>\n",
       "      <th>date</th>\n",
       "      <th></th>\n",
       "    </tr>\n",
       "  </thead>\n",
       "  <tbody>\n",
       "    <tr>\n",
       "      <th>2020-01-06</th>\n",
       "      <td>0.0</td>\n",
       "    </tr>\n",
       "    <tr>\n",
       "      <th>2020-01-07</th>\n",
       "      <td>0.0</td>\n",
       "    </tr>\n",
       "    <tr>\n",
       "      <th>2020-01-08</th>\n",
       "      <td>0.0</td>\n",
       "    </tr>\n",
       "    <tr>\n",
       "      <th>2020-01-09</th>\n",
       "      <td>0.0</td>\n",
       "    </tr>\n",
       "    <tr>\n",
       "      <th>2020-01-10</th>\n",
       "      <td>0.0</td>\n",
       "    </tr>\n",
       "  </tbody>\n",
       "</table>\n",
       "</div>"
      ],
      "text/plain": [
       "            US covid deaths\n",
       "date                       \n",
       "2020-01-06              0.0\n",
       "2020-01-07              0.0\n",
       "2020-01-08              0.0\n",
       "2020-01-09              0.0\n",
       "2020-01-10              0.0"
      ]
     },
     "execution_count": 5,
     "metadata": {},
     "output_type": "execute_result"
    }
   ],
   "source": [
    "# sanity check\n",
    "covid_df.head()"
   ]
  },
  {
   "cell_type": "code",
   "execution_count": 6,
   "metadata": {},
   "outputs": [],
   "source": [
    "# prep dict for the merged data\n",
    "merged_dfs = {}\n",
    "\n",
    "for df_name, df in dfs.items():\n",
    "    # convert index to datetime\n",
    "    df.index = pd.to_datetime(df.index)\n",
    "\n",
    "    # merge data frames based on date index, using inner join to keep only rows with matching dates. (keeps trading days)\n",
    "    merged_dfs[df_name] = pd.merge(df, covid_df, how='inner', left_index=True, right_index=True)"
   ]
  },
  {
   "cell_type": "code",
   "execution_count": 7,
   "metadata": {},
   "outputs": [],
   "source": [
    "# send merged dfs to csv in /merged-dfs\n",
    "\n",
    "directory = 'pharma-data/merged-dfs'\n",
    "\n",
    "for df_name, df in merged_dfs.items():\n",
    "    df.to_csv(f\"{directory}/{df_name}-covid.csv\")"
   ]
  },
  {
   "cell_type": "code",
   "execution_count": 8,
   "metadata": {},
   "outputs": [
    {
     "name": "stdout",
     "output_type": "stream",
     "text": [
      "LLY_df\n",
      "\n",
      "                  Open        High         Low       Close   Adj Close  \\\n",
      "2020-01-06  131.419998  132.559998  130.940002  132.259995  124.553093   \n",
      "2020-01-07  131.699997  132.929993  131.699997  132.509995  124.788521   \n",
      "2020-01-08  132.460007  134.210007  132.009995  133.710007  125.918610   \n",
      "2020-01-09  134.550003  136.360001  134.009995  135.919998  127.999825   \n",
      "2020-01-10  135.779999  138.270004  135.529999  138.000000  129.958572   \n",
      "\n",
      "             Volume  US covid deaths  \n",
      "2020-01-06  2102900              0.0  \n",
      "2020-01-07  2448300              0.0  \n",
      "2020-01-08  5188600              0.0  \n",
      "2020-01-09  4522800              0.0  \n",
      "2020-01-10  4177600              0.0  \n",
      "\n",
      "NVO_df\n",
      "\n",
      "                 Open       High        Low      Close  Adj Close   Volume  \\\n",
      "2020-01-06  28.495001  28.590000  28.434999  28.504999  26.977007  2495000   \n",
      "2020-01-07  28.500000  28.500000  28.280001  28.475000  26.948616  2080600   \n",
      "2020-01-08  28.455000  28.594999  28.334999  28.424999  26.901297  1826200   \n",
      "2020-01-09  28.674999  28.865000  28.660000  28.719999  27.180479  1842000   \n",
      "2020-01-10  29.245001  29.535000  29.184999  29.340000  27.767246  2943000   \n",
      "\n",
      "            US covid deaths  \n",
      "2020-01-06              0.0  \n",
      "2020-01-07              0.0  \n",
      "2020-01-08              0.0  \n",
      "2020-01-09              0.0  \n",
      "2020-01-10              0.0  \n",
      "\n",
      "JNJ_df\n",
      "\n",
      "                  Open        High         Low       Close   Adj Close  \\\n",
      "2020-01-06  144.000000  144.199997  142.850006  144.100006  128.432449   \n",
      "2020-01-07  144.009995  145.449997  141.380005  144.979996  129.216751   \n",
      "2020-01-08  144.869995  145.979996  143.699997  144.960007  129.198944   \n",
      "2020-01-09  145.759995  146.029999  144.990005  145.389999  129.582169   \n",
      "2020-01-10  145.750000  146.179993  144.899994  145.059998  129.288040   \n",
      "\n",
      "             Volume  US covid deaths  \n",
      "2020-01-06  7731300              0.0  \n",
      "2020-01-07  7382900              0.0  \n",
      "2020-01-08  6605800              0.0  \n",
      "2020-01-09  6112700              0.0  \n",
      "2020-01-10  5042600              0.0  \n",
      "\n",
      "MRK_df\n",
      "\n",
      "                 Open       High        Low      Close  Adj Close    Volume  \\\n",
      "2020-01-06  87.051529  87.538170  86.822517  87.442749  77.078148   7522963   \n",
      "2020-01-07  86.641220  86.946564  85.038170  85.114502  75.025871  11132275   \n",
      "2020-01-08  85.009544  85.400764  84.360687  84.541985  74.521225  15200506   \n",
      "2020-01-09  84.875954  85.925575  84.713737  85.286263  75.177269   9714750   \n",
      "2020-01-10  85.610687  85.982826  85.353050  85.429390  75.303413   5945304   \n",
      "\n",
      "            US covid deaths  \n",
      "2020-01-06              0.0  \n",
      "2020-01-07              0.0  \n",
      "2020-01-08              0.0  \n",
      "2020-01-09              0.0  \n",
      "2020-01-10              0.0  \n",
      "\n",
      "ABBV_df\n",
      "\n",
      "                 Open       High        Low      Close  Adj Close   Volume  \\\n",
      "2020-01-06  88.220001  89.620003  87.980003  89.400002  74.073349  6786600   \n",
      "2020-01-07  88.930000  89.540001  88.260002  88.889999  73.650772  7242500   \n",
      "2020-01-08  89.150002  90.059998  88.870003  89.519997  74.172768  7696800   \n",
      "2020-01-09  90.010002  90.230003  89.050003  90.209999  74.744484  7518000   \n",
      "2020-01-10  90.230003  90.290001  88.830002  89.059998  73.791626  8581400   \n",
      "\n",
      "            US covid deaths  \n",
      "2020-01-06              0.0  \n",
      "2020-01-07              0.0  \n",
      "2020-01-08              0.0  \n",
      "2020-01-09              0.0  \n",
      "2020-01-10              0.0  \n",
      "\n",
      "MRNA_df\n",
      "\n",
      "                 Open       High        Low      Close  Adj Close   Volume  \\\n",
      "2020-01-06  18.700001  18.740000  18.010000  18.129999  18.129999  1606500   \n",
      "2020-01-07  18.150000  18.320000  17.680000  17.780001  17.780001  1461400   \n",
      "2020-01-08  17.990000  18.080000  17.760000  17.980000  17.980000  1041600   \n",
      "2020-01-09  18.000000  18.549999  17.900000  18.400000  18.400000  1495700   \n",
      "2020-01-10  21.000000  21.000000  19.049999  19.139999  19.139999  4504700   \n",
      "\n",
      "            US covid deaths  \n",
      "2020-01-06              0.0  \n",
      "2020-01-07              0.0  \n",
      "2020-01-08              0.0  \n",
      "2020-01-09              0.0  \n",
      "2020-01-10              0.0  \n",
      "\n",
      "NVS_df\n",
      "\n",
      "                 Open       High        Low      Close  Adj Close   Volume  \\\n",
      "2020-01-06  94.669998  95.430000  94.639999  95.430000  81.438507  1487600   \n",
      "2020-01-07  95.089996  95.089996  94.430000  94.480003  80.627800  1150200   \n",
      "2020-01-08  94.489998  94.879997  94.349998  94.480003  80.627800   982100   \n",
      "2020-01-09  94.860001  95.139999  94.620003  94.769997  80.875275   768200   \n",
      "2020-01-10  94.459999  94.480003  93.790001  93.860001  80.098701  1706900   \n",
      "\n",
      "            US covid deaths  \n",
      "2020-01-06              0.0  \n",
      "2020-01-07              0.0  \n",
      "2020-01-08              0.0  \n",
      "2020-01-09              0.0  \n",
      "2020-01-10              0.0  \n",
      "\n",
      "AZN_df\n",
      "\n",
      "                 Open       High        Low      Close  Adj Close   Volume  \\\n",
      "2020-01-06  50.040001  50.220001  49.740002  49.880001  44.465530  1992300   \n",
      "2020-01-07  50.139999  50.299999  49.869999  50.070000  44.634903  1871900   \n",
      "2020-01-08  49.869999  50.169998  49.750000  49.950001  44.527927  1869000   \n",
      "2020-01-09  50.029999  50.180000  49.830002  50.080002  44.643822  1959000   \n",
      "2020-01-10  49.869999  50.099998  49.799999  49.849998  44.438782  1872900   \n",
      "\n",
      "            US covid deaths  \n",
      "2020-01-06              0.0  \n",
      "2020-01-07              0.0  \n",
      "2020-01-08              0.0  \n",
      "2020-01-09              0.0  \n",
      "2020-01-10              0.0  \n",
      "\n",
      "PFE_df\n",
      "\n",
      "                 Open       High        Low      Close  Adj Close    Volume  \\\n",
      "2020-01-06  36.831120  37.001900  36.717270  36.888046  31.130850  15771951   \n",
      "2020-01-07  37.115749  37.125237  36.698292  36.764706  31.026758  20108107   \n",
      "2020-01-08  36.774193  37.210625  36.764706  37.058823  31.274967  16403507   \n",
      "2020-01-09  37.258064  37.258064  36.802658  36.897533  31.138855  21971895   \n",
      "2020-01-10  36.982922  37.599621  36.973434  37.466793  31.619270  21557357   \n",
      "\n",
      "            US covid deaths  \n",
      "2020-01-06              0.0  \n",
      "2020-01-07              0.0  \n",
      "2020-01-08              0.0  \n",
      "2020-01-09              0.0  \n",
      "2020-01-10              0.0  \n",
      "\n",
      "AMGN_df\n",
      "\n",
      "                  Open        High         Low       Close   Adj Close  \\\n",
      "2020-01-06  237.199997  240.449997  236.559998  240.300003  210.860794   \n",
      "2020-01-07  239.309998  240.000000  237.589996  238.039993  208.877655   \n",
      "2020-01-08  237.929993  239.580002  236.610001  238.220001  209.035614   \n",
      "2020-01-09  239.690002  239.690002  237.970001  238.929993  209.658615   \n",
      "2020-01-10  238.679993  240.929993  237.610001  238.259995  209.070724   \n",
      "\n",
      "             Volume  US covid deaths  \n",
      "2020-01-06  1802800              0.0  \n",
      "2020-01-07  1518900              0.0  \n",
      "2020-01-08  2214700              0.0  \n",
      "2020-01-09  1629000              0.0  \n",
      "2020-01-10  1777600              0.0  \n",
      "\n",
      "PPH_df\n",
      "\n",
      "                 Open       High        Low      Close  Adj Close  Volume  \\\n",
      "2020-01-06  63.349998  63.810001  63.290001  63.810001  59.310642  179000   \n",
      "2020-01-07  63.529999  63.660000  63.500000  63.529999  59.050377   74200   \n",
      "2020-01-08  63.450001  63.849998  63.389999  63.610001  59.124741   53400   \n",
      "2020-01-09  63.770000  64.080002  63.770000  64.000000  59.487228   61200   \n",
      "2020-01-10  64.419998  64.419998  64.080002  64.129997  59.608074   35100   \n",
      "\n",
      "            US covid deaths  \n",
      "2020-01-06              0.0  \n",
      "2020-01-07              0.0  \n",
      "2020-01-08              0.0  \n",
      "2020-01-09              0.0  \n",
      "2020-01-10              0.0  \n",
      "\n",
      "IHE_df\n",
      "\n",
      "                  Open        High         Low       Close   Adj Close  \\\n",
      "2020-01-06  157.820007  159.059998  157.789993  159.059998  149.052109   \n",
      "2020-01-07  158.589996  158.889999  157.960007  158.630005  148.649200   \n",
      "2020-01-08  158.309998  159.130005  157.949997  158.320007  148.358673   \n",
      "2020-01-09  158.179993  159.449997  158.179993  159.059998  149.052109   \n",
      "2020-01-10  159.199997  160.119995  159.199997  159.479996  149.445663   \n",
      "\n",
      "            Volume  US covid deaths  \n",
      "2020-01-06    5500              0.0  \n",
      "2020-01-07   16500              0.0  \n",
      "2020-01-08    7900              0.0  \n",
      "2020-01-09    7200              0.0  \n",
      "2020-01-10    5900              0.0  \n",
      "\n",
      "PJP_df\n",
      "\n",
      "                 Open       High        Low      Close  Adj Close  Volume  \\\n",
      "2020-01-06  63.720001  64.139999  63.560001  64.080002  61.865482   39800   \n",
      "2020-01-07  63.830002  63.930000  63.650002  63.689999  61.488956   22500   \n",
      "2020-01-08  63.570000  64.089996  63.450001  63.779999  61.575844   53500   \n",
      "2020-01-09  63.889999  64.330002  63.889999  64.029999  61.817204   46700   \n",
      "2020-01-10  64.000000  64.470001  63.990002  64.059998  61.846169   25900   \n",
      "\n",
      "            US covid deaths  \n",
      "2020-01-06              0.0  \n",
      "2020-01-07              0.0  \n",
      "2020-01-08              0.0  \n",
      "2020-01-09              0.0  \n",
      "2020-01-10              0.0  \n",
      "\n"
     ]
    }
   ],
   "source": [
    "# check merge worked\n",
    "for df_name, df in merged_dfs.items():\n",
    "    print(df_name + \"\\n\")\n",
    "    print(df.head())\n",
    "    print(\"\")"
   ]
  },
  {
   "cell_type": "code",
   "execution_count": 9,
   "metadata": {},
   "outputs": [
    {
     "name": "stdout",
     "output_type": "stream",
     "text": [
      "LLY_df\n",
      "\n",
      "                     Open      High       Low     Close  Adj Close    Volume  \\\n",
      "Open             1.000000  0.999693  0.999671  0.999406   0.999402 -0.156496   \n",
      "High             0.999693  1.000000  0.999622  0.999743   0.999726 -0.146882   \n",
      "Low              0.999671  0.999622  1.000000  0.999727   0.999725 -0.162601   \n",
      "Close            0.999406  0.999743  0.999727  1.000000   0.999981 -0.153346   \n",
      "Adj Close        0.999402  0.999726  0.999725  0.999981   1.000000 -0.153289   \n",
      "Volume          -0.156496 -0.146882 -0.162601 -0.153346  -0.153289  1.000000   \n",
      "US covid deaths -0.511921 -0.512251 -0.512182 -0.512172  -0.513137  0.061128   \n",
      "\n",
      "                 US covid deaths  \n",
      "Open                   -0.511921  \n",
      "High                   -0.512251  \n",
      "Low                    -0.512182  \n",
      "Close                  -0.512172  \n",
      "Adj Close              -0.513137  \n",
      "Volume                  0.061128  \n",
      "US covid deaths         1.000000  \n",
      "\n",
      "NVO_df\n",
      "\n",
      "                     Open      High       Low     Close  Adj Close    Volume  \\\n",
      "Open             1.000000  0.999803  0.999778  0.999589   0.999572  0.278707   \n",
      "High             0.999803  1.000000  0.999735  0.999806   0.999780  0.285790   \n",
      "Low              0.999778  0.999735  1.000000  0.999824   0.999781  0.271792   \n",
      "Close            0.999589  0.999806  0.999824  1.000000   0.999954  0.278705   \n",
      "Adj Close        0.999572  0.999780  0.999781  0.999954   1.000000  0.279395   \n",
      "Volume           0.278707  0.285790  0.271792  0.278705   0.279395  1.000000   \n",
      "US covid deaths -0.498355 -0.498767 -0.498099 -0.498553  -0.502121 -0.203443   \n",
      "\n",
      "                 US covid deaths  \n",
      "Open                   -0.498355  \n",
      "High                   -0.498767  \n",
      "Low                    -0.498099  \n",
      "Close                  -0.498553  \n",
      "Adj Close              -0.502121  \n",
      "Volume                 -0.203443  \n",
      "US covid deaths         1.000000  \n",
      "\n",
      "JNJ_df\n",
      "\n",
      "                     Open      High       Low     Close  Adj Close    Volume  \\\n",
      "Open             1.000000  0.995007  0.995140  0.990121   0.941207  0.004921   \n",
      "High             0.995007  1.000000  0.993767  0.995318   0.943444  0.019278   \n",
      "Low              0.995140  0.993767  1.000000  0.995354   0.946737 -0.011045   \n",
      "Close            0.990121  0.995318  0.995354  1.000000   0.948789  0.000467   \n",
      "Adj Close        0.941207  0.943444  0.946737  0.948789   1.000000  0.038567   \n",
      "Volume           0.004921  0.019278 -0.011045  0.000467   0.038567  1.000000   \n",
      "US covid deaths -0.005978 -0.007285 -0.008151 -0.008869  -0.177550 -0.088009   \n",
      "\n",
      "                 US covid deaths  \n",
      "Open                   -0.005978  \n",
      "High                   -0.007285  \n",
      "Low                    -0.008151  \n",
      "Close                  -0.008869  \n",
      "Adj Close              -0.177550  \n",
      "Volume                 -0.088009  \n",
      "US covid deaths         1.000000  \n",
      "\n",
      "MRK_df\n",
      "\n",
      "                     Open      High       Low     Close  Adj Close    Volume  \\\n",
      "Open             1.000000  0.998729  0.998819  0.997599   0.993856 -0.311199   \n",
      "High             0.998729  1.000000  0.998506  0.998918   0.994889 -0.298355   \n",
      "Low              0.998819  0.998506  1.000000  0.998852   0.995288 -0.319573   \n",
      "Close            0.997599  0.998918  0.998852  1.000000   0.996016 -0.308340   \n",
      "Adj Close        0.993856  0.994889  0.995288  0.996016   1.000000 -0.303215   \n",
      "Volume          -0.311199 -0.298355 -0.319573 -0.308340  -0.303215  1.000000   \n",
      "US covid deaths -0.570786 -0.574448 -0.570468 -0.572850  -0.567363  0.190017   \n",
      "\n",
      "                 US covid deaths  \n",
      "Open                   -0.570786  \n",
      "High                   -0.574448  \n",
      "Low                    -0.570468  \n",
      "Close                  -0.572850  \n",
      "Adj Close              -0.567363  \n",
      "Volume                  0.190017  \n",
      "US covid deaths         1.000000  \n",
      "\n",
      "ABBV_df\n",
      "\n",
      "                     Open      High       Low     Close  Adj Close    Volume  \\\n",
      "Open             1.000000  0.999162  0.998949  0.998344   0.994251 -0.382710   \n",
      "High             0.999162  1.000000  0.998817  0.999228   0.994725 -0.373843   \n",
      "Low              0.998949  0.998817  1.000000  0.999172   0.995037 -0.402911   \n",
      "Close            0.998344  0.999228  0.999172  1.000000   0.995429 -0.387898   \n",
      "Adj Close        0.994251  0.994725  0.995037  0.995429   1.000000 -0.391971   \n",
      "Volume          -0.382710 -0.373843 -0.402911 -0.387898  -0.391971  1.000000   \n",
      "US covid deaths -0.375324 -0.375212 -0.373310 -0.373399  -0.405622  0.151317   \n",
      "\n",
      "                 US covid deaths  \n",
      "Open                   -0.375324  \n",
      "High                   -0.375212  \n",
      "Low                    -0.373310  \n",
      "Close                  -0.373399  \n",
      "Adj Close              -0.405622  \n",
      "Volume                  0.151317  \n",
      "US covid deaths         1.000000  \n",
      "\n",
      "MRNA_df\n",
      "\n",
      "                     Open      High       Low     Close  Adj Close    Volume  \\\n",
      "Open             1.000000  0.998355  0.998341  0.996524   0.996524  0.064014   \n",
      "High             0.998355  1.000000  0.998115  0.998666   0.998666  0.078153   \n",
      "Low              0.998341  0.998115  1.000000  0.998530   0.998530  0.042613   \n",
      "Close            0.996524  0.998666  0.998530  1.000000   1.000000  0.060696   \n",
      "Adj Close        0.996524  0.998666  0.998530  1.000000   1.000000  0.060696   \n",
      "Volume           0.064014  0.078153  0.042613  0.060696   0.060696  1.000000   \n",
      "US covid deaths  0.246415  0.249817  0.240379  0.244295   0.244295  0.308782   \n",
      "\n",
      "                 US covid deaths  \n",
      "Open                    0.246415  \n",
      "High                    0.249817  \n",
      "Low                     0.240379  \n",
      "Close                   0.244295  \n",
      "Adj Close               0.244295  \n",
      "Volume                  0.308782  \n",
      "US covid deaths         1.000000  \n",
      "\n",
      "NVS_df\n",
      "\n",
      "                     Open      High       Low     Close  Adj Close    Volume  \\\n",
      "Open             1.000000  0.997736  0.996775  0.994751   0.913528 -0.323680   \n",
      "High             0.997736  1.000000  0.996059  0.997134   0.915442 -0.310884   \n",
      "Low              0.996775  0.996059  1.000000  0.997362   0.916703 -0.348006   \n",
      "Close            0.994751  0.997134  0.997362  1.000000   0.918863 -0.331519   \n",
      "Adj Close        0.913528  0.915442  0.916703  0.918863   1.000000 -0.297658   \n",
      "Volume          -0.323680 -0.310884 -0.348006 -0.331519  -0.297658  1.000000   \n",
      "US covid deaths -0.308392 -0.314033 -0.304253 -0.309613  -0.462090  0.118906   \n",
      "\n",
      "                 US covid deaths  \n",
      "Open                   -0.308392  \n",
      "High                   -0.314033  \n",
      "Low                    -0.304253  \n",
      "Close                  -0.309613  \n",
      "Adj Close              -0.462090  \n",
      "Volume                  0.118906  \n",
      "US covid deaths         1.000000  \n",
      "\n",
      "AZN_df\n",
      "\n",
      "                     Open      High       Low     Close  Adj Close    Volume  \\\n",
      "Open             1.000000  0.998340  0.998160  0.996476   0.991556 -0.181904   \n",
      "High             0.998340  1.000000  0.997617  0.998382   0.993472 -0.171748   \n",
      "Low              0.998160  0.997617  1.000000  0.998212   0.993134 -0.196526   \n",
      "Close            0.996476  0.998382  0.998212  1.000000   0.995023 -0.187775   \n",
      "Adj Close        0.991556  0.993472  0.993134  0.995023   1.000000 -0.181846   \n",
      "Volume          -0.181904 -0.171748 -0.196526 -0.187775  -0.181846  1.000000   \n",
      "US covid deaths -0.450567 -0.453884 -0.450275 -0.453922  -0.474878  0.232580   \n",
      "\n",
      "                 US covid deaths  \n",
      "Open                   -0.450567  \n",
      "High                   -0.453884  \n",
      "Low                    -0.450275  \n",
      "Close                  -0.453922  \n",
      "Adj Close              -0.474878  \n",
      "Volume                  0.232580  \n",
      "US covid deaths         1.000000  \n",
      "\n",
      "PFE_df\n",
      "\n",
      "                     Open      High       Low     Close  Adj Close    Volume  \\\n",
      "Open             1.000000  0.998476  0.998441  0.996842   0.978292 -0.117871   \n",
      "High             0.998476  1.000000  0.998116  0.998609   0.979540 -0.101791   \n",
      "Low              0.998441  0.998116  1.000000  0.998505   0.980706 -0.140224   \n",
      "Close            0.996842  0.998609  0.998505  1.000000   0.981364 -0.120338   \n",
      "Adj Close        0.978292  0.979540  0.980706  0.981364   1.000000 -0.135264   \n",
      "Volume          -0.117871 -0.101791 -0.140224 -0.120338  -0.135264  1.000000   \n",
      "US covid deaths  0.168916  0.166606  0.166166  0.165995   0.067152  0.137316   \n",
      "\n",
      "                 US covid deaths  \n",
      "Open                    0.168916  \n",
      "High                    0.166606  \n",
      "Low                     0.166166  \n",
      "Close                   0.165995  \n",
      "Adj Close               0.067152  \n",
      "Volume                  0.137316  \n",
      "US covid deaths         1.000000  \n",
      "\n",
      "AMGN_df\n",
      "\n",
      "                     Open      High       Low     Close  Adj Close    Volume  \\\n",
      "Open             1.000000  0.993096  0.995112  0.988616   0.953657 -0.095364   \n",
      "High             0.993096  1.000000  0.992483  0.994513   0.954387 -0.060053   \n",
      "Low              0.995112  0.992483  1.000000  0.994647   0.960424 -0.122274   \n",
      "Close            0.988616  0.994513  0.994647  1.000000   0.961875 -0.088327   \n",
      "Adj Close        0.953657  0.954387  0.960424  0.961875   1.000000 -0.086609   \n",
      "Volume          -0.095364 -0.060053 -0.122274 -0.088327  -0.086609  1.000000   \n",
      "US covid deaths -0.358969 -0.359142 -0.358061 -0.359950  -0.443548  0.019551   \n",
      "\n",
      "                 US covid deaths  \n",
      "Open                   -0.358969  \n",
      "High                   -0.359142  \n",
      "Low                    -0.358061  \n",
      "Close                  -0.359950  \n",
      "Adj Close              -0.443548  \n",
      "Volume                  0.019551  \n",
      "US covid deaths         1.000000  \n",
      "\n",
      "PPH_df\n",
      "\n",
      "                     Open      High       Low     Close  Adj Close    Volume  \\\n",
      "Open             1.000000  0.998420  0.998317  0.996648   0.991852  0.147400   \n",
      "High             0.998420  1.000000  0.998142  0.998562   0.994068  0.155124   \n",
      "Low              0.998317  0.998142  1.000000  0.998387   0.992825  0.142119   \n",
      "Close            0.996648  0.998562  0.998387  1.000000   0.994690  0.152710   \n",
      "Adj Close        0.991852  0.994068  0.992825  0.994690   1.000000  0.163280   \n",
      "Volume           0.147400  0.155124  0.142119  0.152710   0.163280  1.000000   \n",
      "US covid deaths -0.308223 -0.313200 -0.305349 -0.309500  -0.352008 -0.154179   \n",
      "\n",
      "                 US covid deaths  \n",
      "Open                   -0.308223  \n",
      "High                   -0.313200  \n",
      "Low                    -0.305349  \n",
      "Close                  -0.309500  \n",
      "Adj Close              -0.352008  \n",
      "Volume                 -0.154179  \n",
      "US covid deaths         1.000000  \n",
      "\n",
      "IHE_df\n",
      "\n",
      "                     Open      High       Low     Close  Adj Close    Volume  \\\n",
      "Open             1.000000  0.996997  0.996799  0.993294   0.973389 -0.112571   \n",
      "High             0.996997  1.000000  0.996641  0.997240   0.977288 -0.108084   \n",
      "Low              0.996799  0.996641  1.000000  0.997104   0.977963 -0.116050   \n",
      "Close            0.993294  0.997240  0.997104  1.000000   0.980479 -0.109778   \n",
      "Adj Close        0.973389  0.977288  0.977963  0.980479   1.000000 -0.085929   \n",
      "Volume          -0.112571 -0.108084 -0.116050 -0.109778  -0.085929  1.000000   \n",
      "US covid deaths  0.048315  0.047046  0.042567  0.044145  -0.073637 -0.065755   \n",
      "\n",
      "                 US covid deaths  \n",
      "Open                    0.048315  \n",
      "High                    0.047046  \n",
      "Low                     0.042567  \n",
      "Close                   0.044145  \n",
      "Adj Close              -0.073637  \n",
      "Volume                 -0.065755  \n",
      "US covid deaths         1.000000  \n",
      "\n",
      "PJP_df\n",
      "\n",
      "                     Open      High       Low     Close  Adj Close    Volume  \\\n",
      "Open             1.000000  0.997302  0.997455  0.994271   0.989773 -0.074044   \n",
      "High             0.997302  1.000000  0.997118  0.997647   0.992728 -0.071310   \n",
      "Low              0.997455  0.997118  1.000000  0.997454   0.993403 -0.076504   \n",
      "Close            0.994271  0.997647  0.997454  1.000000   0.995505 -0.071604   \n",
      "Adj Close        0.989773  0.992728  0.993403  0.995505   1.000000 -0.081925   \n",
      "Volume          -0.074044 -0.071310 -0.076504 -0.071604  -0.081925  1.000000   \n",
      "US covid deaths  0.047154  0.050192  0.043795  0.046606  -0.009911  0.038917   \n",
      "\n",
      "                 US covid deaths  \n",
      "Open                    0.047154  \n",
      "High                    0.050192  \n",
      "Low                     0.043795  \n",
      "Close                   0.046606  \n",
      "Adj Close              -0.009911  \n",
      "Volume                  0.038917  \n",
      "US covid deaths         1.000000  \n",
      "\n"
     ]
    }
   ],
   "source": [
    "# check for correlation among columns. \n",
    "for df_name, df in merged_dfs.items():\n",
    "    print(df_name + \"\\n\")\n",
    "    print(df.corr())\n",
    "    print(\"\")"
   ]
  },
  {
   "cell_type": "code",
   "execution_count": 13,
   "metadata": {},
   "outputs": [
    {
     "name": "stdout",
     "output_type": "stream",
     "text": [
      "LLY_df Pearson Coef: -0.5121716540967605\n",
      "\n",
      "NVO_df Pearson Coef: -0.4985533503789554\n",
      "\n",
      "JNJ_df Pearson Coef: -0.008869413889813063\n",
      "\n",
      "MRK_df Pearson Coef: -0.5728502386972149\n",
      "\n",
      "ABBV_df Pearson Coef: -0.3733985681186126\n",
      "\n",
      "MRNA_df Pearson Coef: 0.2442945848603412\n",
      "\n",
      "NVS_df Pearson Coef: -0.3096125142158657\n",
      "\n",
      "AZN_df Pearson Coef: -0.4539224121053649\n",
      "\n",
      "PFE_df Pearson Coef: 0.1659947042720218\n",
      "\n",
      "AMGN_df Pearson Coef: -0.3599498214909606\n",
      "\n",
      "PPH_df Pearson Coef: -0.3095000838986556\n",
      "\n",
      "IHE_df Pearson Coef: 0.04414501286893946\n",
      "\n",
      "PJP_df Pearson Coef: 0.04660566762980671\n",
      "\n"
     ]
    }
   ],
   "source": [
    "# Find the pearson correlation coefficient among closing price & deaths for the day\n",
    "for df_name, df in merged_dfs.items():\n",
    "    p_coef, p_val = stats.pearsonr(df['Close'], df['US covid deaths'])\n",
    "    print(f\"{df_name} Pearson Coef: {p_coef}\" + \"\\n\")"
   ]
  },
  {
   "cell_type": "code",
   "execution_count": 11,
   "metadata": {},
   "outputs": [
    {
     "name": "stdout",
     "output_type": "stream",
     "text": [
      "\n",
      "R-squared values:\n",
      "LLY_df_linear: 0.26231980326020865\n",
      "LLY_df_quadratic: 0.26232153722304064\n",
      "LLY_df_cubic: 0.3381901550040588\n",
      "\n",
      "NVO_df_linear: 0.24855544317407852\n",
      "NVO_df_quadratic: 0.2501606451882905\n",
      "NVO_df_cubic: 0.2939903282562214\n",
      "\n",
      "JNJ_df_linear: 7.866650274879206e-05\n",
      "JNJ_df_quadratic: 0.02584969483737176\n",
      "JNJ_df_cubic: 0.027685548315376507\n",
      "\n",
      "MRK_df_linear: 0.3281573959754519\n",
      "MRK_df_quadratic: 0.3398543224812053\n",
      "MRK_df_cubic: 0.3471855744494218\n",
      "\n",
      "ABBV_df_linear: 0.1394264906730287\n",
      "ABBV_df_quadratic: 0.20577959039479454\n",
      "ABBV_df_cubic: 0.2530064167545637\n",
      "\n",
      "MRNA_df_linear: 0.05967984419208561\n",
      "MRNA_df_quadratic: 0.05992077986828359\n",
      "MRNA_df_cubic: 0.06006910675619703\n",
      "\n",
      "NVS_df_linear: 0.0958599089590686\n",
      "NVS_df_quadratic: 0.17279071785931466\n",
      "NVS_df_cubic: 0.1987409074367985\n",
      "\n",
      "AZN_df_linear: 0.20604555621155074\n",
      "AZN_df_quadratic: 0.2556886498114821\n",
      "AZN_df_cubic: 0.31392569873269827\n",
      "\n",
      "PFE_df_linear: 0.027554241846355576\n",
      "PFE_df_quadratic: 0.03795114670210742\n",
      "PFE_df_cubic: 0.08800814636740661\n",
      "\n",
      "AMGN_df_linear: 0.1295638739913728\n",
      "AMGN_df_quadratic: 0.13347373145917818\n",
      "AMGN_df_cubic: 0.17139802875995147\n",
      "\n",
      "PPH_df_linear: 0.09579030193327387\n",
      "PPH_df_quadratic: 0.19429009338990422\n",
      "PPH_df_cubic: 0.19654441871837158\n",
      "\n",
      "IHE_df_linear: 0.0019487821611985368\n",
      "IHE_df_quadratic: 0.0020070468756802073\n",
      "IHE_df_cubic: 0.009925169533701372\n",
